3.01372	2.87938	2.85989	3.08162	2.94905
2.77575	2.95823	2.9544	2.69754	2.83163
2.74673	2.61315	2.71497	2.71752	2.69512
2.5615	2.50371	2.49606	2.57758	2.5333
2.41112	2.45059	2.48308	2.48101	2.45546
2.36258	2.44507	2.44866	2.41201	2.41567
2.39829	2.27719	2.16631	2.2402	2.26271
2.23685	2.14366	2.23375	2.30506	2.2261
2.20816	2.1374	2.15285	2.20489	2.17474
2.15668	2.14052	2.0873	2.11149	2.12318
1.92171	1.97548	1.97779	1.93913	1.95287
1.88407	1.89125	1.8561	1.88879	1.87982
1.89627	1.85527	1.87542	1.88483	1.87771
1.82055	2.0167	1.62908	2.12223	1.85662
1.84392	1.84975	1.82417	1.85759	1.84368
1.83209	1.83241	1.78568	1.80286	1.8128
1.80489	1.86526	1.82436	1.71866	1.80001
1.76847	1.83693	1.76625	1.7415	1.77688
1.81302	1.83476	1.75071	1.707	1.77349
1.71817	1.70745	1.71211	1.6991	1.70916
1.68468	1.64867	1.38518	1.68482	1.5821
1.50935	1.57477	1.50954	1.51022	1.5251
1.54813	1.45946	1.39451	1.53343	1.47976
1.49301	1.47782	1.46592	1.4716	1.47698
1.61981	1.47203	1.27341	1.51776	1.45312
1.40813	1.37685	1.37863	1.40296	1.39144
1.55105	1.37139	1.21631	1.47755	1.38691
1.31888	1.29286	1.31203	1.34828	1.31761
1.33739	1.26825	0.928133	1.38568	1.19455
1.12487	1.22396	1.23992	1.10995	1.1713
1.16616	1.12736	1.10967	1.15868	1.13995
1.11933	1.20505	1.08508	1.14072	1.13562
1.14211	1.14622	1.09022	1.09604	1.11799
1.16863	1.18621	1.01686	1.073	1.10637
1.03623	1.02418	1.17417	1.02857	1.06216
1.05482	1.05268	1.06707	1.04503	1.05484
0.954914	0.965817	0.904709	0.991353	0.953263
0.984744	0.944249	0.933053	0.949705	0.952607
0.855594	0.841084	0.873065	0.885804	0.863645
0.933476	0.886722	0.5371	1.14593	0.834227
0.854584	0.826112	0.815968	0.833488	0.832373
0.740781	0.776053	0.838968	0.769337	0.780235
0.781944	0.762053	0.758773	0.773638	0.769038
0.730023	0.743019	0.691255	0.719451	0.720638
0.678633	0.625716	0.70124	0.583853	0.645868
0.593058	0.65353	0.629104	0.608813	0.620741
0.587988	0.591798	0.619425	0.57835	0.594236
0.620074	0.59783	0.33918	0.770393	0.566136
0.538627	0.579018	0.564919	0.556243	0.559546
0.60813	0.588347	0.355323	0.735012	0.559505
0.61405	0.526147	0.535919	0.474653	0.536149
0.533556	0.495147	0.548005	0.473794	0.512114
0.456594	0.420736	0.297463	0.439766	0.401728
0.292875	0.403343	0.267203	0.447859	0.350268
0.398876	0.315109	0.229555	0.388491	0.331129
0.282098	0.282223	0.308635	0.300303	0.29327
0.307045	0.25955	0.287985	0.237244	0.272728
0.29538	0.260356	0.231932	0.284884	0.267939
0.259999	0.233097	0.283833	0.280961	0.264352
0.198715	0.264916	0.439857	0.091382	0.243473
0.0376018	0.167751	0.587678	0.174717	0.226938
0.266864	0.282756	0.0631462	0.280788	0.22121
0.184632	0.187176	0.214449	0.183999	0.192527
0.167348	0.193762	0.22437	0.148208	0.183222
0.619218	0.355821	-1.00638	0.672506	0.18261
0.218773	0.181288	0.0272707	0.25449	0.168999
0.139981	0.143905	0.164415	0.138904	0.146783
0.116842	0.0962276	0.147354	0.105715	0.116493
0.0689256	0.0681901	0.0660253	0.079448	0.0706444
0.448219	0.234189	-1.09308	0.339509	0.0562652
0.371297	0.181241	-1.12518	0.270128	0.0106597
0.0307202	0.0155423	-0.108709	0.0777056	0.00388016
0.356688	0.168342	-1.15906	0.248204	-0.00266202
0.0193742	0.00330701	-0.126455	0.0740765	-0.00726984
0.0377468	0.0235569	-0.276946	0.102141	-0.0263076
0.32548	0.12725	-1.15276	0.212521	-0.027287
0.0274426	0.0164699	-0.265798	0.0830811	-0.0328351
0.246557	0.0797814	-1.11042	0.280887	-0.038235
0.287928	0.132711	-1.16484	0.185585	-0.0414194
-0.0401905	-0.0554338	-0.0389524	-0.0445447	-0.0447698
-0.150803	-0.15047	0.25755	-0.142017	-0.0471654
0.00992815	0.00765321	-0.278227	0.0576022	-0.0486025
0.19376	0.0526187	-0.973451	0.119821	-0.0852396
0.160046	0.0267549	-1.24965	0.0503489	-0.136413
-0.139684	-0.132505	-0.2393	-0.126259	-0.158969
-0.211354	-0.164148	-0.180869	-0.160531	-0.179147
-0.180118	-0.183634	-0.207822	-0.180062	-0.187879
-0.170597	-0.163998	-0.268855	-0.159631	-0.190246
-0.167418	-0.215945	-0.391245	-0.154034	-0.229242
-0.663966	-0.400471	0.672344	-0.701574	-0.243542
-0.242932	-0.245959	-0.27435	-0.243594	-0.251657
-0.238115	-0.26592	-0.29134	-0.256736	-0.262899
-0.861299	-0.510517	0.803122	-0.958218	-0.307355
-0.0675586	-0.198415	-1.44439	-0.113815	-0.308408
-0.327731	-0.325932	-0.260895	-0.345816	-0.314674
-0.357476	-0.300377	-0.336868	-0.283101	-0.319132
-0.900783	-0.53863	0.652399	-1.01196	-0.346001
-0.349625	-0.376335	-0.3529	-0.312369	-0.347567
-0.37163	-0.397539	-0.366458	-0.373335	-0.377159
-0.331756	-0.366927	-0.582524	-0.284624	-0.385003
-0.925523	-0.574329	0.495028	-1.02775	-0.388729
-0.388997	-0.40388	-0.406174	-0.386814	-0.396426
-0.353779	-0.391143	-0.600679	-0.301143	-0.405037
-0.408066	-0.413786	-0.436216	-0.410848	-0.417168
-0.376777	-0.47701	-0.35783	-0.533256	-0.433395
-0.364206	-0.458674	-0.711769	-0.264877	-0.434968
-0.239291	-0.369894	-0.80189	-0.425542	-0.435337
-0.388835	-0.423428	-0.637819	-0.337983	-0.439869
-0.438382	-0.419406	-0.493664	-0.451535	-0.450357
-0.452426	-0.427256	-0.467798	-0.477683	-0.456106
-0.989181	-0.670515	0.308976	-1.10106	-0.469401
