4.03217	4.27349	4.13605
4.17831	4.03044	4.09826
3.76329	3.87552	3.81568
4.03217	4.03044	4.0313
3.92301	3.83412	3.87639
4.03217	4.03044	4.0313
3.92301	3.59671	3.73023
4.17831	3.64503	3.83499
3.79806	3.79633	3.79719
4.09912	3.57443	3.76242
3.92301	3.87552	3.89866
4.17831	4.03044	4.09826
3.70113	3.67136	3.68602
3.55497	3.92128	3.70027
4.03217	4.09739	4.06349
3.97417	3.83412	3.89866
3.97417	3.83412	3.89866
4.40017	4.27349	4.33235
3.92301	3.67136	3.77946
3.92301	4.39844	4.09826
4.09912	4.03044	4.06349
3.92301	3.97244	3.94698
4.27522	4.09739	4.17744
4.09912	4.57453	4.27436
3.3586	3.79633	3.52413
4.09912	4.17658	4.13605
3.47922	3.83412	3.62107
4.57627	4.03044	4.2232
3.97417	3.97244	3.97331
4.40017	4.03044	4.17744
4.17831	3.87552	4.00134
3.47922	3.92128	3.6459
4.40017	3.92128	4.09826
3.97417	4.03044	4.00134
4.09912	4.03044	4.06349
3.92301	4.09739	4.00134
3.83585	4.17658	3.97331
3.92301	3.83412	3.87639
3.2336	3.83412	3.43695
3.97417	4.17658	4.06349
3.7311	4.03044	3.85519
3.97417	3.79633	3.87639
4.17831	4.03044	4.09826
3.97417	3.79633	3.87639
3.51545	3.55324	3.53389
4.03217	3.76156	3.87639
3.40001	3.6202	3.49609
3.49696	3.42826	3.46132
3.62193	3.79633	3.70027
3.16944	3.07587	3.12024
3.1211	3.1349	3.12793
3.22384	3.11181	3.16434
3.1446	3.15099	3.14778
3.11355	2.78851	2.92168
2.97376	3.09708	3.03094
2.98476	2.94058	2.96216
3.00181	2.85794	2.9241
2.77968	3.11181	2.91449
2.8724	2.84557	2.85881
2.77621	2.72864	2.75182
2.59064	2.45244	2.51624
2.64845	2.33957	2.46757
2.37996	2.33957	2.35934
2.39846	2.26362	2.32601
2.17457	2.18883	2.18163
2.26429	2.1781	2.21917
2.07922	2.04496	2.06179
2.13218	2.06705	2.09848
1.99615	1.98632	1.99122
2.07086	1.82737	1.93288
1.94348	1.9315	1.93746
2.36895	1.69013	1.91139
1.96794	1.83791	1.89832
1.7637	1.76367	1.76368
1.66554	1.78102	1.71948
1.72146	1.80933	1.76316
1.66028	1.59589	1.62701
1.62204	1.58828	1.60488
1.30536	1.87551	1.50682
1.4967	1.54941	1.52225
1.40541	1.64952	1.51127
1.5259	1.51478	1.52032
1.42546	1.47661	1.45028
1.40668	1.37535	1.39078
1.21407	1.14076	1.17613
1.72209	0.901174	1.158
1.17079	1.19337	1.18193
1.16827	1.14948	1.1588
1.13977	1.16885	1.15407
1.09401	1.1026	1.09828
1.08969	1.09306	1.09137
1.25169	0.905509	1.0505
0.996425	0.994796	0.995612
0.972263	0.990379	0.981226
0.921626	0.887112	0.904136
0.920963	0.972203	0.94593
0.89732	0.951352	0.923621
0.940022	0.891167	0.915105
1.03431	0.760048	0.880938
0.721543	1.08914	0.87557
1.36903	0.511401	0.795433
0.775001	0.810509	0.792457
0.666038	0.680406	0.673169
1.19257	0.263925	0.585538
1.1212	0.226034	0.546553
1.08343	0.227122	0.539864
0.963142	0.211328	0.502626
0.430762	0.599023	0.510418
0.525689	0.483289	0.504261
0.492317	0.538215	0.514898
0.417745	0.389614	0.403609
0.43609	0.312656	0.37272
0.393988	0.260256	0.32541
0.34683	0.308801	0.327703
0.299519	0.328356	0.313825
0.301955	0.303314	0.302633
0.207232	0.196399	0.201819
0.190823	0.191974	0.191397
0.175914	0.177239	0.176575
0.213288	0.040898	0.12603
0.225709	0.0435185	0.133336
0.0993424	0.10744	0.103381
0.099856	0.0912662	0.0955673
0.035425	0.0553093	0.0453414
-0.139431	-0.165408	-0.15236
-0.191596	-0.192557	-0.192076
-0.252556	-0.10596	-0.178151
-0.234081	-0.233968	-0.234024
-0.113377	-0.364751	-0.234
-0.0908538	-0.389361	-0.233033
-0.332067	-0.334811	-0.333435
-0.33526	-0.338534	-0.336893
-0.277153	-0.445378	-0.357914
-0.397593	-0.267426	-0.330865
-0.446333	-0.36283	-0.403794
-0.537632	-0.467374	-0.501833
-0.459608	-0.488931	-0.474117
